step size: 1.0, best score: 4258
pos: { 0.0, -1.0, 0.0, 0.0, 0.0, -1.0, 0.0, 0.0, 0.0, -1.0, -1.0, -1.0 }

step size: 0.25, best score: 17756
pos: { 0.0, -1.0, 0.0, 0.0, 0.0, -0.75, -2.0, -0.25, 0.0, -1.0, -1.0, -1.0 }

step size: 0.03125, best score: 18980
{ 0.0, -1.0, 0.0, 0.0, 0.0, -0.75, -2.0, -0.25, 0.0, -1.0, -1.03125, -1.0 }


100K+ weights

        -0.20315298219627706
        -0.19269713510407616
        -0.9945498213990135
        -0.07923737184451984
        -0.1627925353995784
        0.018432736372521897
        0.12123347586320943
        -0.1980587628350046
        0.10383619130407325
        -0.12341878537621037
        0.0
        -0.3677699284288867


http://imgur.com/delete/IQf8ENR0jlqvGwS
